000000003694
000000023544
000000034038
000000052222
000000064948
000000116312
000000149616
000000158684
000000168800
000000182201
000000183080
000000193293
000000275976
000000286961
000000288794
000000346589
000000349725
000000378467
000000394550
000000409628
000000482784
000000493851
000000494079
000000505827
000000562664
000000042804
000000042810
000000111290
000000117839
000000166018
000000171564
000000177101
000000192827
000000212047
000000242664
000000263866
000000296353
000000299074
000000316553
000000317659
000000336683
000000340701
000000350506
000000418057
000000446881
000000457754
000000532866
000000542359
000000555625
000000573184
000000010005
000000055559
000000096512
000000110777
000000131961
000000142757
000000149602
000000153882
000000159411
000000182215
000000186073
000000277032
000000310903
000000323311
000000365344
000000374249
000000381968
000000423638
000000424157
000000430122
000000492583
000000493845
000000500793
000000530650
000000569725
000000047983
000000057548
000000059565
000000114317
000000144246
000000172092
000000188658
000000218595
000000227003
000000228330
000000228456
000000237210
000000251195
000000324278
000000355481
000000365542
000000375751
000000375989
000000399921
000000424989
000000487788
000000529261
000000529507
000000539072
000000558498
000000054082
000000064141
000000129733
000000130262
000000140785
000000154928
000000156859
000000172051
000000213403
000000272957
000000307462
000000318224
000000341437
000000357255
000000359278
000000383762
000000385313
000000409166
000000410437
000000419375
000000428816
000000456462
000000522491
000000542365
000000554507
000000002575
000000009420
000000040746
000000044520
000000054733
000000070685
000000075925
000000094271
000000097778
000000116272
000000139291
000000224278
000000229984
000000264884
000000275751
000000371245
000000384964
000000407822
000000460661
000000470472
000000474614
000000506296
000000569889
000000574166
000000580781
000000000438
000000003131
000000005540
000000052418
000000072910
000000110159
000000117636
000000121384
000000131197
000000224522
000000260360
000000284794
000000321328
000000336654
000000360412
000000380280
000000392684
000000423016
000000467654
000000494904
000000532669
000000535106
000000538422
000000543090
000000563340
000000041276
000000046519
000000058733
000000103737
000000144468
000000186729
000000236052
000000276476
000000312682
000000322755
000000333894
000000362365
000000386785
000000422268
000000423162
000000453485
000000453491
000000465137
000000475330
000000508481
000000516867
000000518686
000000527476
000000546088
000000561437
000000002415
000000036968
000000047149
000000061830
000000074583
000000102367
000000109232
000000150347
000000187379
000000223477
000000228522
000000275631
000000278315
000000308180
000000366659
000000375143
000000384804
000000426754
000000431228
000000501499
000000511852
000000521749
000000522240
000000527338
000000536235
000000042757
000000089340
000000108892
000000118459
000000138789
000000150421
000000170929
000000184116
000000192774
000000233102
000000245094
000000263735
000000328536
000000336708
000000337416
000000351793
000000361888
000000410580
000000460073
000000494680
000000504287
000000523638
000000525249
000000532735
000000555976
000000007394
000000056865
000000081683
000000106920
000000122896
000000128405
000000185397
000000212053
000000232383
000000244215
000000250260
000000277807
000000311228
000000326484
000000336697
000000375962
000000403305
000000414679
000000465080
000000489028
000000498125
000000504318
000000555631
000000561594
000000571787
000000001732
000000003125
000000005554
000000012996
000000035497
000000047767
000000081654
000000087225
000000088116
000000089208
000000096328
000000097036
000000107357
000000129914
000000141302
000000198477
000000269436
000000287289
000000296384
000000326335
000000333738
000000409199
000000543084
000000563354
000000565043
000000012014
000000025860
000000063835
000000086107
000000087219
000000127905
000000151893
000000158109
000000170849
000000204802
000000253796
000000290911
000000306967
000000329748
000000331113
000000338651
000000338889
000000368066
000000426146
000000460113
000000470300
000000479442
000000482196
000000483288
000000522452
000000003870
000000039520
000000054928
000000072051
000000120703
000000147798
000000160327
000000164141
000000181873
000000195806
000000205513
000000234916
000000254984
000000263696
000000290078
000000291366
000000349719
000000393203
000000409614
000000410345
000000484256
000000492352
000000511729
000000512220
000000554275
000000008676
000000017756
000000047161
000000058041
000000092990
000000095027
000000115633
000000120850
000000125928
000000152578
000000187351
000000188062
000000191533
000000220156
000000226527
000000230345
000000266103
000000324442
000000368884
000000388025
000000474984
000000486521
000000500977
000000538230
000000577527
000000012612
000000027859
000000044454
000000047175
000000050409
000000083651
000000132298
000000160290
000000184664
000000210081
000000242089
000000262359
000000263047
000000266117
000000275625
000000308194
000000321506
000000334645
000000338057
000000406490
000000441903
000000448099
000000449387
000000460715
000000521775
000000023395
000000034831
000000053672
000000091527
000000095999
000000097156
000000117742
000000118471
000000148246
000000158055
000000183889
000000220630
000000222027
000000223339
000000272610
000000326533
000000336720
000000360566
000000362371
000000379037
000000396596
000000421775
000000463546
000000467720
000000494870
000000009408
000000018505
000000030289
000000051663
000000064828
000000099755
000000110603
000000119141
000000125848
000000135483
000000147983
000000152418
000000177840
000000207489
000000221328
000000312090
000000372764
000000444927
000000473153
000000488487
000000489799
000000527270
000000562704
000000571036
000000577447
000000030276
000000036607
000000037519
000000070652
000000124571
000000132313
000000146492
000000153921
000000155388
000000162524
000000195812
000000243234
000000247052
000000285307
000000334916
000000357533
000000441678
000000452162
000000459037
000000496646
000000510423
000000524786
000000549556
000000550007
000000552610
000000000389
000000006920
000000038616
000000068021
000000085397
000000134986
000000179886
000000193287
000000208779
000000210136
000000242116
000000284025
000000292647
000000302240
000000331852
000000389273
000000443053
000000447235
000000450749
000000473190
000000493702
000000498657
000000517370
000000558467
000000569862
000000008138
000000009226
000000017018
000000068814
000000092006
000000092760
000000219099
000000228244
000000257490
000000277998
000000312866
000000319933
000000325012
000000335201
000000373254
000000402184
000000422254
000000474012
000000496097
000000520457
000000536553
000000559194
000000560715
000000564573
000000566364
000000001083
000000017839
000000021435
000000058690
000000135332
000000142804
000000173401
000000200457
000000256177
000000256611
000000282440
000000304143
000000314436
000000325833
000000334080
000000352305
000000386154
000000386632
000000396421
000000415201
000000490579
000000497216
000000501260
000000539099
000000576956
000000054121
000000100202
000000110011
000000127865
000000141538
000000150435
000000204962
000000233116
000000234679
000000278467
000000322769
000000328522
000000343383
000000351787
000000370749
000000401499
000000405827
000000421991
000000426026
000000462664
000000466402
000000469731
000000475318
000000486290
000000563208
000000024571
000000049979
000000055388
000000056859
000000073429
000000095812
000000145831
000000151844
000000218224
000000247720
000000262588
000000279816
000000336873
000000357241
000000358172
000000364853
000000374498
000000375786
000000385307
000000448648
000000479495
000000491883
000000530081
000000546117
000000549224
000000004662
000000064196
000000066959
000000127911
000000144534
000000154727
000000160482
000000183719
000000185368
000000251181
000000272758
000000273446
000000275037
000000333710
000000406282
000000411926
000000420523
000000429261
000000439072
000000459786
000000460107
000000503488
000000522446
000000560675
000000562062
000000007357
000000008064
000000031829
000000040008
000000058647
000000078583
000000187543
000000187557
000000191321
000000198463
000000200494
000000210693
000000228318
000000269422
000000276516
000000294587
000000390087
000000390093
000000475244
000000528631
000000531374
000000541687
000000550952
000000560885
000000577321
000000003737
000000037492
000000051717
000000055571
000000101652
000000108110
000000181734
000000189368
000000196248
000000217936
000000222755
000000260566
000000262371
000000292928
000000322027
000000339361
000000349686
000000368648
000000402806
000000409953
000000427476
000000438556
000000439890
000000498938
000000564361
000000020111
000000025069
000000026560
000000038986
000000044483
000000135508
000000142958
000000201173
000000213577
000000229827
000000241557
000000247126
000000255522
000000303016
000000343432
000000375180
000000398236
000000402621
000000423837
000000465862
000000484336
000000496732
000000506335
000000549422
000000550173
000000005352
000000033838
000000098503
000000100558
000000101646
000000111455
000000166805
000000168828
000000183137
000000185546
000000195755
000000212682
000000222741
000000272176
000000288964
000000297844
000000299869
000000336046
000000359481
000000408481
000000418692
000000431200
000000446088
000000450832
000000514902
000000019828
000000033743
000000071558
000000079104
000000099966
000000127044
000000132307
000000161011
000000162530
000000229947
000000254774
000000257255
000000286632
000000301749
000000343552
000000353999
000000377807
000000426807
000000508278
000000516046
000000524962
000000550013
000000555143
000000556462
000000575293
000000051844
000000070861
000000104879
000000114459
000000125684
000000143501
000000154096
000000197036
000000206783
000000218556
000000251630
000000251803
000000283945
000000345137
000000362563
000000391400
000000413880
000000423770
000000423943
000000443084
000000453297
000000497558
000000528157
000000557768
000000557783
000000021384
000000033958
000000044508
000000047001
000000048332
000000064800
000000111535
000000119169
000000232432
000000274467
000000290093
000000320744
000000376502
000000416907
000000437711
000000438422
000000450952
000000453283
000000477335
000000478006
000000498694
000000525467
000000552837
000000555180
000000580971
000000021353
000000040961
000000085383
000000104689
000000127050
000000133025
000000153909
000000181697
000000190942
000000250506
000000280257
000000304625
000000313359
000000315728
000000332397
000000354012
000000388179
000000403463
000000417416
000000441650
000000492408
000000495367
000000501506
000000530903
000000575287
000000027050
000000058684
000000078554
000000112941
000000123544
000000125135
000000135326
000000173373
000000206754
000000209467
000000216221
000000220793
000000231846
000000247708
000000256605
000000294236
000000294550
000000304157
000000306998
000000443735
000000474827
000000487011
000000497202
000000507605
000000518725
000000001108
000000006101
000000039497
000000056736
000000070097
000000082201
000000084670
000000112160
000000115169
000000134819
000000180402
000000190177
000000251793
000000266659
000000333664
000000354827
000000422240
000000425249
000000432053
000000474006
000000474760
000000480839
000000530888
000000567708
000000570512
000000001915
000000010818
000000019182
000000029041
000000047940
000000056695
000000060327
000000070134
000000103870
000000145825
000000174420
000000241345
000000266922
000000270198
000000283004
000000314378
000000412220
000000424792
000000434581
000000442417
000000510351
000000519407
000000549230
000000550761
000000559037
000000046323
000000089552
000000092614
000000110617
000000117178
000000142637
000000146451
000000176592
000000186113
000000208786
000000255495
000000262239
000000321466
000000367433
000000372980
000000381808
000000462062
000000484281
000000505953
000000530730
000000533239
000000566576
000000569645
000000578748
000000578990
000000004138
000000029914
000000081126
000000085340
000000097744
000000127093
000000140008
000000141316
000000158647
000000190981
000000234057
000000264660
000000310693
000000329012
000000331885
000000358833
000000360374
000000379143
000000384780
000000457797
000000461543
000000471988
000000477321
000000535660
000000553283
000000008058
000000029096
000000041458
000000059571
000000082375
000000103119
000000104676
000000125860
000000133964
000000144252
000000162295
000000231675
000000239229
000000241392
000000277146
000000335407
000000404495
000000422452
000000462710
000000486482
000000518916
000000520251
000000549581
000000576771
000000578984
